00000001 002 10A70000 00000000 00000100 00000000 00000000 00000000 00000000 00000000 00000100 00000000 00000000 00000000 00000000 00000000 00000000 00000000 00000000
00000003 002 10A70000 00000000 00000000 00000000 00000000 00000000 00000000 00000000 00000100 00000000 00000000 00000000 00000000 00000000 00000000 00000000 00000000
00000004 005 10B70000 00000000 00000101 00000000 00000000 00000000 00000000 00000000 00000101 00000000 00000000 00000000 00000000 00000000 00000000 00000000 00000000
00000006 005 10B70000 00000000 00000000 00000000 00000000 00000000 00000000 00000000 00000101 00000000 00000000 00000000 00000000 00000000 00000000 00000000 00000000
00000007 008 10370000 00000000 00000103 00000000 00000000 00000000 00000000 00000000 00000103 00000000 00000000 00000000 00000500 00000000 00000000 00000000 00000000
00000009 008 10370000 00000000 00000000 00000000 00000000 00000000 00000000 00000000 00000103 00000000 00000000 00000000 00000500 00000000 00000000 00000000 00000000
0000000A 009 01C3A000 00000000 00000000 00000000 00000001 00000000 00000000 00000000 00000103 00000000 00000000 00000000 00000500 00000000 00000000 00000000 00000000
0000000B 00A 00CC1001 00000000 00000001 00000000 00000001 00000000 00000000 00000000 00000103 00000000 00000000 00000000 00000500 00000001 00000000 00000000 00000000
0000000C 00B 017BA000 00000000 00000000 00000000 00000001 00000000 00000000 00000000 00000103 00000000 00000000 00000000 00000500 00000002 00000000 00000000 00000000
0000000D 00C 08271008 00000000 00000008 00000000 00000001 00000000 00000000 00000000 00000500 00000000 00000000 00000000 00000500 00000002 00000000 00000000 00000000
0000000E 00D 00221001 00000000 00000001 00000005 00000001 00000000 00000000 00000000 00000500 00000000 00000000 00000000 00000500 00000002 00000000 00000000 00000000
0000000F 00E 00301014 00000000 00000014 00000006 00000001 00000000 00000000 00000000 00000500 00000000 00000000 00000000 00000500 00000002 00000000 00000000 00000000
00000010 00F 00601015 00000000 00000015 00000006 00000014 00000000 00000000 00000000 00000500 00000000 00000000 00000000 00000500 00000002 00000000 00000000 00000000
00000011 010 00901016 00000000 00000016 00000006 00000014 00000000 00000000 00000015 00000500 00000000 00000000 00000000 00000500 00000002 00000000 00000000 00000000
00000012 011 0040A000 00000000 00000000 00000006 00000014 00000000 00000000 00000015 00000500 00000000 00000016 00000000 00000500 00000002 00000000 00000000 00000000
00000013 012 00B00000 00000000 00000000 00000006 00000014 00000000 00000000 00000015 00000500 00000000 00000016 00000000 00000500 00000002 00000000 00000000 00000000
00000014 013 00500000 00000000 00000000 00000006 00000014 00000000 00000000 00000015 00000500 00000000 00000016 00000000 00000000 00000002 00000000 00000000 00000000
00000015 014 00745000 00000000 00000000 00000006 00000014 00000000 00000000 00000015 00000500 00000000 00000016 00000000 00000000 00000002 00000000 00000000 00000000
00000016 015 14701014 00000000 00000014 00000006 00000014 00000000 00000000 00000015 00000000 00000000 00000016 00000000 00000000 00000002 00000000 00000000 00000000
00000017 018 14801015 00000000 000000FF 00000006 00000014 00000000 00000000 00000015 00000000 000000FF 00000016 00000000 00000000 00000002 00000000 00000000 00000000
00000019 018 14801015 00000000 00000015 00000006 00000014 00000000 00000000 00000015 00000000 000000FF 00000016 00000000 00000000 00000002 00000000 00000000 00000000
0000001A 019 00801001 00000000 00000001 00000006 00000014 00000000 00000000 00000015 00000000 000000FF 00000016 00000000 00000000 00000002 00000000 00000000 00000000
0000001B 01A 14801016 00000000 00000016 00000006 00000014 00000000 00000000 00000015 00000000 00000001 00000016 00000000 00000000 00000002 00000000 00000000 00000000
0000001C 01B 00551001 00000000 00000001 00000006 00000014 00000000 00000000 00000015 00000000 00000001 00000016 00000000 00000000 00000002 00000000 00000000 00000000
0000001D 014 00745000 00000000 00000014 00000006 00000014 00000000 00000001 00000015 00000000 00000001 00000016 00000000 00000000 00000002 00000000 00000000 00000000
0000001F 014 00745000 00000000 00000000 00000006 00000014 00000000 00000001 00000015 00000000 00000001 00000016 00000000 00000000 00000002 00000000 00000000 00000000
00000020 015 14701014 00000000 00000014 00000006 00000014 00000000 00000001 00000015 00000001 00000001 00000016 00000000 00000000 00000002 00000000 00000000 00000000
00000021 018 14801015 00000000 000000FF 00000006 00000014 00000000 00000001 00000015 00000001 000000FF 00000016 00000000 00000000 00000002 00000000 00000000 00000000
00000023 018 14801015 00000000 00000015 00000006 00000014 00000000 00000001 00000015 00000001 000000FF 00000016 00000000 00000000 00000002 00000000 00000000 00000000
00000024 019 00801001 00000000 00000001 00000006 00000014 00000000 00000001 00000015 00000001 000000FF 00000016 00000000 00000000 00000002 00000000 00000000 00000000
00000025 01A 14801016 00000000 00000016 00000006 00000014 00000000 00000001 00000015 00000001 00000001 00000016 00000000 00000000 00000002 00000000 00000000 00000000
00000026 01B 00551001 00000000 00000001 00000006 00000014 00000000 00000001 00000015 00000001 00000001 00000016 00000000 00000000 00000002 00000000 00000000 00000000
00000027 01E 00441100 00000000 00000014 00000006 00000014 00000000 00000002 00000015 00000001 00000001 00000016 00000000 00000000 00000002 00000000 00000000 00000000
00000029 020 00BB1001 00000000 00000100 00000006 00000014 00000100 00000002 00000015 00000001 00000001 00000016 00000000 00000000 00000002 00000000 00000000 00000000
0000002B 020 00BB1001 00000000 00000001 00000006 00000014 00000100 00000002 00000015 00000001 00000001 00000016 00000000 00000000 00000002 00000000 00000000 00000000
0000002C 013 00500000 00000000 00000013 00000006 00000014 00000100 00000002 00000015 00000001 00000001 00000016 00000000 00000001 00000002 00000000 00000000 00000000
0000002E 013 00500000 00000000 00000000 00000006 00000014 00000100 00000002 00000015 00000001 00000001 00000016 00000000 00000001 00000002 00000000 00000000 00000000
0000002F 014 00745000 00000000 00000000 00000006 00000014 00000100 00000000 00000015 00000001 00000001 00000016 00000000 00000001 00000002 00000000 00000000 00000000
00000030 015 14701014 00000000 00000014 00000006 00000014 00000100 00000000 00000015 00000100 00000001 00000016 00000000 00000001 00000002 00000000 00000000 00000000
00000031 018 14801015 00000000 000000FF 00000006 00000014 00000100 00000000 00000015 00000100 000000FF 00000016 00000000 00000001 00000002 00000000 00000000 00000000
00000033 018 14801015 00000000 00000015 00000006 00000014 00000100 00000000 00000015 00000100 000000FF 00000016 00000000 00000001 00000002 00000000 00000000 00000000
00000034 019 00801001 00000000 00000001 00000006 00000014 00000100 00000000 00000015 00000100 000000FF 00000016 00000000 00000001 00000002 00000000 00000000 00000000
00000035 01A 14801016 00000000 00000016 00000006 00000014 00000100 00000000 00000015 00000100 00000001 00000016 00000000 00000001 00000002 00000000 00000000 00000000
00000036 01B 00551001 00000000 00000001 00000006 00000014 00000100 00000000 00000015 00000100 00000001 00000016 00000000 00000001 00000002 00000000 00000000 00000000
00000037 014 00745000 00000000 00000014 00000006 00000014 00000100 00000001 00000015 00000100 00000001 00000016 00000000 00000001 00000002 00000000 00000000 00000000
00000039 014 00745000 00000000 00000000 00000006 00000014 00000100 00000001 00000015 00000100 00000001 00000016 00000000 00000001 00000002 00000000 00000000 00000000
0000003A 015 14701014 00000000 00000014 00000006 00000014 00000100 00000001 00000015 00000101 00000001 00000016 00000000 00000001 00000002 00000000 00000000 00000000
0000003B 018 14801015 00000000 000000FF 00000006 00000014 00000100 00000001 00000015 00000101 000000FF 00000016 00000000 00000001 00000002 00000000 00000000 00000000
0000003D 018 14801015 00000000 00000015 00000006 00000014 00000100 00000001 00000015 00000101 000000FF 00000016 00000000 00000001 00000002 00000000 00000000 00000000
0000003E 019 00801001 00000000 00000001 00000006 00000014 00000100 00000001 00000015 00000101 000000FF 00000016 00000000 00000001 00000002 00000000 00000000 00000000
0000003F 01A 14801016 00000000 00000016 00000006 00000014 00000100 00000001 00000015 00000101 00000001 00000016 00000000 00000001 00000002 00000000 00000000 00000000
00000040 01B 00551001 00000000 00000001 00000006 00000014 00000100 00000001 00000015 00000101 00000001 00000016 00000000 00000001 00000002 00000000 00000000 00000000
00000041 01E 00441100 00000000 00000014 00000006 00000014 00000100 00000002 00000015 00000101 00000001 00000016 00000000 00000001 00000002 00000000 00000000 00000000
00000043 020 00BB1001 00000000 00000100 00000006 00000014 00000200 00000002 00000015 00000101 00000001 00000016 00000000 00000001 00000002 00000000 00000000 00000000
00000045 020 00BB1001 00000000 00000001 00000006 00000014 00000200 00000002 00000015 00000101 00000001 00000016 00000000 00000001 00000002 00000000 00000000 00000000
00000046 013 00500000 00000000 00000013 00000006 00000014 00000200 00000002 00000015 00000101 00000001 00000016 00000000 00000002 00000002 00000000 00000000 00000000
00000048 013 00500000 00000000 00000000 00000006 00000014 00000200 00000002 00000015 00000101 00000001 00000016 00000000 00000002 00000002 00000000 00000000 00000000
00000049 014 00745000 00000000 00000000 00000006 00000014 00000200 00000000 00000015 00000101 00000001 00000016 00000000 00000002 00000002 00000000 00000000 00000000
0000004A 015 14701014 00000000 00000014 00000006 00000014 00000200 00000000 00000015 00000200 00000001 00000016 00000000 00000002 00000002 00000000 00000000 00000000
0000004B 018 14801015 00000000 000000FF 00000006 00000014 00000200 00000000 00000015 00000200 000000FF 00000016 00000000 00000002 00000002 00000000 00000000 00000000
0000004D 018 14801015 00000000 00000015 00000006 00000014 00000200 00000000 00000015 00000200 000000FF 00000016 00000000 00000002 00000002 00000000 00000000 00000000
0000004E 019 00801001 00000000 00000001 00000006 00000014 00000200 00000000 00000015 00000200 000000FF 00000016 00000000 00000002 00000002 00000000 00000000 00000000
0000004F 01A 14801016 00000000 00000016 00000006 00000014 00000200 00000000 00000015 00000200 00000001 00000016 00000000 00000002 00000002 00000000 00000000 00000000
00000050 01B 00551001 00000000 00000001 00000006 00000014 00000200 00000000 00000015 00000200 00000001 00000016 00000000 00000002 00000002 00000000 00000000 00000000
00000051 014 00745000 00000000 00000014 00000006 00000014 00000200 00000001 00000015 00000200 00000001 00000016 00000000 00000002 00000002 00000000 00000000 00000000
00000053 014 00745000 00000000 00000000 00000006 00000014 00000200 00000001 00000015 00000200 00000001 00000016 00000000 00000002 00000002 00000000 00000000 00000000
00000054 015 14701014 00000000 00000014 00000006 00000014 00000200 00000001 00000015 00000201 00000001 00000016 00000000 00000002 00000002 00000000 00000000 00000000
00000055 018 14801015 00000000 000000FF 00000006 00000014 00000200 00000001 00000015 00000201 000000FF 00000016 00000000 00000002 00000002 00000000 00000000 00000000
00000057 018 14801015 00000000 00000015 00000006 00000014 00000200 00000001 00000015 00000201 000000FF 00000016 00000000 00000002 00000002 00000000 00000000 00000000
00000058 019 00801001 00000000 00000001 00000006 00000014 00000200 00000001 00000015 00000201 000000FF 00000016 00000000 00000002 00000002 00000000 00000000 00000000
00000059 01A 14801016 00000000 00000016 00000006 00000014 00000200 00000001 00000015 00000201 00000001 00000016 00000000 00000002 00000002 00000000 00000000 00000000
0000005A 01B 00551001 00000000 00000001 00000006 00000014 00000200 00000001 00000015 00000201 00000001 00000016 00000000 00000002 00000002 00000000 00000000 00000000
0000005B 01E 00441100 00000000 00000014 00000006 00000014 00000200 00000002 00000015 00000201 00000001 00000016 00000000 00000002 00000002 00000000 00000000 00000000
0000005D 020 00BB1001 00000000 00000100 00000006 00000014 00000300 00000002 00000015 00000201 00000001 00000016 00000000 00000002 00000002 00000000 00000000 00000000
0000005F 020 00BB1001 00000000 00000001 00000006 00000014 00000300 00000002 00000015 00000201 00000001 00000016 00000000 00000002 00000002 00000000 00000000 00000000
00000060 013 00500000 00000000 00000013 00000006 00000014 00000300 00000002 00000015 00000201 00000001 00000016 00000000 00000003 00000002 00000000 00000000 00000000
00000062 013 00500000 00000000 00000000 00000006 00000014 00000300 00000002 00000015 00000201 00000001 00000016 00000000 00000003 00000002 00000000 00000000 00000000
00000063 014 00745000 00000000 00000000 00000006 00000014 00000300 00000000 00000015 00000201 00000001 00000016 00000000 00000003 00000002 00000000 00000000 00000000
00000064 015 14701014 00000000 00000014 00000006 00000014 00000300 00000000 00000015 00000300 00000001 00000016 00000000 00000003 00000002 00000000 00000000 00000000
00000065 018 14801015 00000000 000000FF 00000006 00000014 00000300 00000000 00000015 00000300 000000FF 00000016 00000000 00000003 00000002 00000000 00000000 00000000
00000067 018 14801015 00000000 00000015 00000006 00000014 00000300 00000000 00000015 00000300 000000FF 00000016 00000000 00000003 00000002 00000000 00000000 00000000
00000068 019 00801001 00000000 00000001 00000006 00000014 00000300 00000000 00000015 00000300 000000FF 00000016 00000000 00000003 00000002 00000000 00000000 00000000
00000069 01A 14801016 00000000 00000016 00000006 00000014 00000300 00000000 00000015 00000300 00000001 00000016 00000000 00000003 00000002 00000000 00000000 00000000
0000006A 01B 00551001 00000000 00000001 00000006 00000014 00000300 00000000 00000015 00000300 00000001 00000016 00000000 00000003 00000002 00000000 00000000 00000000
0000006B 014 00745000 00000000 00000014 00000006 00000014 00000300 00000001 00000015 00000300 00000001 00000016 00000000 00000003 00000002 00000000 00000000 00000000
0000006D 014 00745000 00000000 00000000 00000006 00000014 00000300 00000001 00000015 00000300 00000001 00000016 00000000 00000003 00000002 00000000 00000000 00000000
0000006E 015 14701014 00000000 00000014 00000006 00000014 00000300 00000001 00000015 00000301 00000001 00000016 00000000 00000003 00000002 00000000 00000000 00000000
0000006F 018 14801015 00000000 000000FF 00000006 00000014 00000300 00000001 00000015 00000301 000000FF 00000016 00000000 00000003 00000002 00000000 00000000 00000000
00000071 018 14801015 00000000 00000015 00000006 00000014 00000300 00000001 00000015 00000301 000000FF 00000016 00000000 00000003 00000002 00000000 00000000 00000000
00000072 019 00801001 00000000 00000001 00000006 00000014 00000300 00000001 00000015 00000301 000000FF 00000016 00000000 00000003 00000002 00000000 00000000 00000000
00000073 01A 14801016 00000000 00000016 00000006 00000014 00000300 00000001 00000015 00000301 00000001 00000016 00000000 00000003 00000002 00000000 00000000 00000000
00000074 01B 00551001 00000000 00000001 00000006 00000014 00000300 00000001 00000015 00000301 00000001 00000016 00000000 00000003 00000002 00000000 00000000 00000000
00000075 01E 00441100 00000000 00000014 00000006 00000014 00000300 00000002 00000015 00000301 00000001 00000016 00000000 00000003 00000002 00000000 00000000 00000000
00000077 020 00BB1001 00000000 00000100 00000006 00000014 00000400 00000002 00000015 00000301 00000001 00000016 00000000 00000003 00000002 00000000 00000000 00000000
00000079 020 00BB1001 00000000 00000001 00000006 00000014 00000400 00000002 00000015 00000301 00000001 00000016 00000000 00000003 00000002 00000000 00000000 00000000
0000007A 013 00500000 00000000 00000013 00000006 00000014 00000400 00000002 00000015 00000301 00000001 00000016 00000000 00000004 00000002 00000000 00000000 00000000
0000007C 013 00500000 00000000 00000000 00000006 00000014 00000400 00000002 00000015 00000301 00000001 00000016 00000000 00000004 00000002 00000000 00000000 00000000
0000007D 014 00745000 00000000 00000000 00000006 00000014 00000400 00000000 00000015 00000301 00000001 00000016 00000000 00000004 00000002 00000000 00000000 00000000
0000007E 015 14701014 00000000 00000014 00000006 00000014 00000400 00000000 00000015 00000400 00000001 00000016 00000000 00000004 00000002 00000000 00000000 00000000
0000007F 018 14801015 00000000 000000FF 00000006 00000014 00000400 00000000 00000015 00000400 000000FF 00000016 00000000 00000004 00000002 00000000 00000000 00000000
00000081 018 14801015 00000000 00000015 00000006 00000014 00000400 00000000 00000015 00000400 000000FF 00000016 00000000 00000004 00000002 00000000 00000000 00000000
00000082 019 00801001 00000000 00000001 00000006 00000014 00000400 00000000 00000015 00000400 000000FF 00000016 00000000 00000004 00000002 00000000 00000000 00000000
00000083 01A 14801016 00000000 00000016 00000006 00000014 00000400 00000000 00000015 00000400 00000001 00000016 00000000 00000004 00000002 00000000 00000000 00000000
00000084 01B 00551001 00000000 00000001 00000006 00000014 00000400 00000000 00000015 00000400 00000001 00000016 00000000 00000004 00000002 00000000 00000000 00000000
00000085 014 00745000 00000000 00000014 00000006 00000014 00000400 00000001 00000015 00000400 00000001 00000016 00000000 00000004 00000002 00000000 00000000 00000000
00000087 014 00745000 00000000 00000000 00000006 00000014 00000400 00000001 00000015 00000400 00000001 00000016 00000000 00000004 00000002 00000000 00000000 00000000
00000088 015 14701014 00000000 00000014 00000006 00000014 00000400 00000001 00000015 00000401 00000001 00000016 00000000 00000004 00000002 00000000 00000000 00000000
00000089 018 14801015 00000000 000000FF 00000006 00000014 00000400 00000001 00000015 00000401 000000FF 00000016 00000000 00000004 00000002 00000000 00000000 00000000
0000008B 018 14801015 00000000 00000015 00000006 00000014 00000400 00000001 00000015 00000401 000000FF 00000016 00000000 00000004 00000002 00000000 00000000 00000000
0000008C 019 00801001 00000000 00000001 00000006 00000014 00000400 00000001 00000015 00000401 000000FF 00000016 00000000 00000004 00000002 00000000 00000000 00000000
0000008D 01A 14801016 00000000 00000016 00000006 00000014 00000400 00000001 00000015 00000401 00000001 00000016 00000000 00000004 00000002 00000000 00000000 00000000
0000008E 01B 00551001 00000000 00000001 00000006 00000014 00000400 00000001 00000015 00000401 00000001 00000016 00000000 00000004 00000002 00000000 00000000 00000000
0000008F 01E 00441100 00000000 00000014 00000006 00000014 00000400 00000002 00000015 00000401 00000001 00000016 00000000 00000004 00000002 00000000 00000000 00000000
00000091 020 00BB1001 00000000 00000100 00000006 00000014 00000500 00000002 00000015 00000401 00000001 00000016 00000000 00000004 00000002 00000000 00000000 00000000
00000093 020 00BB1001 00000000 00000001 00000006 00000014 00000500 00000002 00000015 00000401 00000001 00000016 00000000 00000004 00000002 00000000 00000000 00000000
00000094 013 00500000 00000000 00000013 00000006 00000014 00000500 00000002 00000015 00000401 00000001 00000016 00000000 00000005 00000002 00000000 00000000 00000000
00000096 013 00500000 00000000 00000000 00000006 00000014 00000500 00000002 00000015 00000401 00000001 00000016 00000000 00000005 00000002 00000000 00000000 00000000
00000097 014 00745000 00000000 00000000 00000006 00000014 00000500 00000000 00000015 00000401 00000001 00000016 00000000 00000005 00000002 00000000 00000000 00000000
00000098 015 14701014 00000000 00000014 00000006 00000014 00000500 00000000 00000015 00000500 00000001 00000016 00000000 00000005 00000002 00000000 00000000 00000000
00000099 018 14801015 00000000 000000FF 00000006 00000014 00000500 00000000 00000015 00000500 000000FF 00000016 00000000 00000005 00000002 00000000 00000000 00000000
0000009B 018 14801015 00000000 00000015 00000006 00000014 00000500 00000000 00000015 00000500 000000FF 00000016 00000000 00000005 00000002 00000000 00000000 00000000
0000009C 019 00801001 00000000 00000001 00000006 00000014 00000500 00000000 00000015 00000500 000000FF 00000016 00000000 00000005 00000002 00000000 00000000 00000000
0000009D 01A 14801016 00000000 00000016 00000006 00000014 00000500 00000000 00000015 00000500 00000001 00000016 00000000 00000005 00000002 00000000 00000000 00000000
0000009E 01B 00551001 00000000 00000001 00000006 00000014 00000500 00000000 00000015 00000500 00000001 00000016 00000000 00000005 00000002 00000000 00000000 00000000
0000009F 014 00745000 00000000 00000014 00000006 00000014 00000500 00000001 00000015 00000500 00000001 00000016 00000000 00000005 00000002 00000000 00000000 00000000
000000A1 014 00745000 00000000 00000000 00000006 00000014 00000500 00000001 00000015 00000500 00000001 00000016 00000000 00000005 00000002 00000000 00000000 00000000
000000A2 015 14701014 00000000 00000014 00000006 00000014 00000500 00000001 00000015 00000501 00000001 00000016 00000000 00000005 00000002 00000000 00000000 00000000
000000A3 018 14801015 00000000 000000FF 00000006 00000014 00000500 00000001 00000015 00000501 000000FF 00000016 00000000 00000005 00000002 00000000 00000000 00000000
000000A5 018 14801015 00000000 00000015 00000006 00000014 00000500 00000001 00000015 00000501 000000FF 00000016 00000000 00000005 00000002 00000000 00000000 00000000
000000A6 019 00801001 00000000 00000001 00000006 00000014 00000500 00000001 00000015 00000501 000000FF 00000016 00000000 00000005 00000002 00000000 00000000 00000000
000000A7 01A 14801016 00000000 00000016 00000006 00000014 00000500 00000001 00000015 00000501 00000001 00000016 00000000 00000005 00000002 00000000 00000000 00000000
000000A8 01B 00551001 00000000 00000001 00000006 00000014 00000500 00000001 00000015 00000501 00000001 00000016 00000000 00000005 00000002 00000000 00000000 00000000
000000A9 01E 00441100 00000000 00000014 00000006 00000014 00000500 00000002 00000015 00000501 00000001 00000016 00000000 00000005 00000002 00000000 00000000 00000000
000000AB 020 00BB1001 00000000 00000100 00000006 00000014 00000600 00000002 00000015 00000501 00000001 00000016 00000000 00000005 00000002 00000000 00000000 00000000
000000AD 020 00BB1001 00000000 00000001 00000006 00000014 00000600 00000002 00000015 00000501 00000001 00000016 00000000 00000005 00000002 00000000 00000000 00000000
000000AE 023 15000000 00000000 00000013 00000006 00000014 00000600 00000002 00000015 00000501 00000001 00000016 00000000 00000006 00000002 00000000 00000000 00000000
000000B0 023 15000000 00000000 00000000 00000006 00000014 00000600 00000002 00000015 00000501 00000001 00000016 00000000 00000006 00000002 00000000 00000000 00000000
