00000001 002 00801001 00000000 00000100 00000000 00000000 00000000 00000000 00000000 00000005 00000000 00000000 00000000 00000000 00000000 00000000 00000000 00000000
00000003 002 00801001 00000000 00000001 00000000 00000000 00000000 00000000 00000000 00000005 00000000 00000000 00000000 00000000 00000000 00000000 00000000 00000000
00000004 005 02887000 00000000 00000009 00000000 00000000 00000000 00000000 00000000 00000005 00000001 00000000 00000000 00000000 00000000 00000000 00000000 00000000
00000006 005 02887000 00000000 00000000 00000000 00000000 00000000 00000000 00000000 00000005 00000001 00000000 00000000 00000000 00000000 00000000 00000000 00000000
00000007 006 01771001 00000000 00000001 00000000 00000000 00000000 00000000 00000000 00000005 00000005 00000000 00000000 00000000 00000000 00000000 00000000 00000000
00000008 003 09170100 00000000 00000003 00000000 00000000 00000000 00000000 00000000 00000004 00000005 00000000 00000000 00000000 00000000 00000000 00000000 00000000
0000000A 005 02887000 00000000 00000009 00000000 00000000 00000000 00000000 00000000 00000004 00000005 00000000 00000000 00000000 00000000 00000000 00000000 00000000
0000000C 005 02887000 00000000 00000000 00000000 00000000 00000000 00000000 00000000 00000004 00000005 00000000 00000000 00000000 00000000 00000000 00000000 00000000
0000000D 006 01771001 00000000 00000001 00000000 00000000 00000000 00000000 00000000 00000004 00000014 00000000 00000000 00000000 00000000 00000000 00000000 00000000
0000000E 003 09170100 00000000 00000003 00000000 00000000 00000000 00000000 00000000 00000003 00000014 00000000 00000000 00000000 00000000 00000000 00000000 00000000
00000010 005 02887000 00000000 00000009 00000000 00000000 00000000 00000000 00000000 00000003 00000014 00000000 00000000 00000000 00000000 00000000 00000000 00000000
00000012 005 02887000 00000000 00000000 00000000 00000000 00000000 00000000 00000000 00000003 00000014 00000000 00000000 00000000 00000000 00000000 00000000 00000000
00000013 006 01771001 00000000 00000001 00000000 00000000 00000000 00000000 00000000 00000003 0000003C 00000000 00000000 00000000 00000000 00000000 00000000 00000000
00000014 003 09170100 00000000 00000003 00000000 00000000 00000000 00000000 00000000 00000002 0000003C 00000000 00000000 00000000 00000000 00000000 00000000 00000000
00000016 005 02887000 00000000 00000009 00000000 00000000 00000000 00000000 00000000 00000002 0000003C 00000000 00000000 00000000 00000000 00000000 00000000 00000000
00000018 005 02887000 00000000 00000000 00000000 00000000 00000000 00000000 00000000 00000002 0000003C 00000000 00000000 00000000 00000000 00000000 00000000 00000000
00000019 006 01771001 00000000 00000001 00000000 00000000 00000000 00000000 00000000 00000002 00000078 00000000 00000000 00000000 00000000 00000000 00000000 00000000
0000001A 003 09170100 00000000 00000003 00000000 00000000 00000000 00000000 00000000 00000001 00000078 00000000 00000000 00000000 00000000 00000000 00000000 00000000
0000001C 005 02887000 00000000 00000009 00000000 00000000 00000000 00000000 00000000 00000001 00000078 00000000 00000000 00000000 00000000 00000000 00000000 00000000
0000001E 005 02887000 00000000 00000000 00000000 00000000 00000000 00000000 00000000 00000001 00000078 00000000 00000000 00000000 00000000 00000000 00000000 00000000
0000001F 006 01771001 00000000 00000001 00000000 00000000 00000000 00000000 00000000 00000001 00000078 00000000 00000000 00000000 00000000 00000000 00000000 00000000
00000020 003 09170100 00000000 00000003 00000000 00000000 00000000 00000000 00000000 00000000 00000078 00000000 00000000 00000000 00000000 00000000 00000000 00000000
00000022 009 11801100 00000000 00000009 00000000 00000000 00000000 00000000 00000000 00000000 00000078 00000000 00000000 00000000 00000000 00000000 00000000 00000000
00000024 00B 15000000 00000000 00000101 00000000 00000000 00000000 00000000 00000000 00000000 00000078 00000000 00000000 00000000 00000000 00000000 00000000 00000000
00000026 00B 15000000 00000000 00000000 00000000 00000000 00000000 00000000 00000000 00000000 00000078 00000000 00000000 00000000 00000000 00000000 00000000 00000000
